1 11 4381
2 4397 5509
3 9911 3068
4 12984 2806
5 15795 3797
6 19597 2189
7 21791 4069
8 25865 13096
9 38966 2575
10 41546 1983
11 43534 3677
12 47216 3915
13 51136 3930
14 55071 1966
15 57042 5484
16 62531 6902
17 69438 2578
18 72021 4641
19 76667 6998
20 83670 1571
21 85246 2506
22 87757 2722
23 90484 845
24 91334 5403
25 96742 334
26 97081 911
27 97997 3610
28 101612 5912
29 107529 1309
30 108843 1453
31 110301 3727
32 114033 4657
33 118695 2453
34 121153 2271
35 123429 3839
36 127273 4105
37 131383 985
38 132373 3004
39 135382 1215
40 136602 1855
41 138462 2073
42 140540 3186
43 143731 7188
44 150924 8625
45 159554 4033
46 163592 4038
47 167635 4687
48 172327 3972
49 176304 4705
50 181014 1220
51 182239 4279
52 186523 2783
53 189311 1779
54 191095 1141
55 192241 4115
56 196361 3935
57 200301 2956
58 203262 1353
59 204620 3230
60 207855 7741
61 215601 19003
62 234609 2272
63 236886 3846
64 240737 1710
65 242452 4304
66 246761 5182
67 251948 8928
68 260881 3202
69 264088 13445
70 277538 3796
71 281339 6412
72 287756 8724
73 296485 5807
74 302297 2232
75 304534 5038
76 309577 1277
77 310859 3944
78 314808 6398
79 321211 1718
80 322934 3515
81 326454 2881
82 329340 6360
83 335705 5476
84 341186 1844
85 343035 6778
86 349818 3681
87 353504 10511
88 364020 7060
89 371085 4644
90 375734 3606
91 379345 6464
92 385814 9668
93 395487 1666
94 397158 2828
95 399991 2464
96 402460 4612
97 407077 8750
98 415832 1632
99 417469 4859
100 422333 6427
101 428765 3640
102 432410 6892
103 439307 10174
104 449486 2242
105 451733 3733
106 455471 2393
107 457869 3766
108 461640 3002
109 464647 3796
110 468448 1691
111 470144 10163
112 480312 2211
113 482528 5021
114 487554 2487
115 490046 1584
116 491635 7981
117 499621 6804
118 506430 4502
119 510937 9627
120 520569 6442
121 527016 5790
122 532811 2936
123 535752 5726
124 541483 10439
125 551927 4366
126 556298 6162
127 562465 4692
128 567162 2346
129 569513 3489
130 573007 8922
131 581934 1874
132 583813 5780
133 589598 4098
134 593701 4101
135 597807 2679
136 600491 429
137 600925 1927
138 602857 7408
139 610270 4488
140 614763 2502
141 617270 1817
142 619092 3150
143 622247 3586
144 625838 2857
145 628700 5269
146 633974 1247
147 635226 1238
148 636469 3179
149 639653 7653
150 647311 7672
151 654988 1258
152 656251 6069
153 662325 1762
154 664092 2400
155 666497 4869
156 671371 1795
157 673171 3417
158 676593 1994
159 678592 1246
160 679843 2704
161 682552 746
162 683303 2864
163 686172 5248
164 691425 1723
165 693153 2896
166 696054 4201
167 700260 1322
168 701587 1184
169 702776 1681
170 704462 1256
171 705723 1733
172 707461 890
173 708356 942
174 709303 3872
175 713180 907
176 714092 3178
177 717275 7867
178 725147 2612
179 727764 1578
180 729347 3224
181 732576 1232
182 733813 2763
183 736581 2420
184 739006 1420
185 740431 1106
186 741542 3734
187 745281 3130
188 748416 1531
189 749952 8393
190 758350 1532
191 759887 2124
192 762016 1029
193 763050 1736
194 764791 1695
195 766491 987
196 767483 9660
197 777148 4010
198 781163 1368
199 782536 5542
200 788083 1314
201 789402 2027
202 791434 2731
203 794170 2476
204 796651 1275
205 797931 6845
206 804781 3233
207 808019 2668
208 810692 5287
209 815984 1989
210 817978 2631
211 820614 4818
212 825437 4775
213 830217 4541
214 834763 3151
215 837919 7715
216 845639 5837
217 851481 3577
218 855063 3396
219 858464 2436
220 860905 3546
221 864456 2247
222 866708 2112
223 868825 9178
224 878008 5449
225 883462 7509
226 890976 5451
227 896432 4882
228 901319 8248
229 909572 11922
230 921499 6355
231 927859 1510
232 929374 1935
233 931314 1040
234 932359 5382
235 937746 3029
236 940780 748
237 941533 4268
238 945806 893
239 946704 3226
240 949935 811
241 950751 998
242 951754 4306
243 956065 3748
244 959818 1353
245 961176 1885
246 963066 1226
247 964297 1714
248 966016 955
249 966976 2570
250 969551 4441
251 973997 4743
252 978745 1179
253 979929 2306
254 982240 1029
255 983274 2036
256 985315 1267
257 986587 1557
258 988149 636
259 988790 4035
260 992830 1519
261 994354 4877
262 999236 2545
263 1001786 2141
264 1003932 2562
265 1006499 2307
266 1008811 3549
267 1012365 1741
268 1014111 1199
269 1015315 2673
270 1017993 2096
271 1020094 1959
272 1022058 4349
273 1026412 14546
274 1040963 2179
275 1043147 6603
276 1049755 13727
277 1063487 9103
278 1072595 3769
279 1076369 4670
280 1081044 3703
281 1084752 5707
282 1090464 1762
283 1092231 4049
284 1096285 1960
285 1098250 9786
286 1108041 6501
287 1114547 2516
288 1117068 4564
289 1121637 7576
290 1129218 2155
291 1131378 3741
292 1135124 4358
293 1139487 1161
294 1140653 2283
295 1142941 2032
296 1144978 3171
297 1148154 2501
298 1150660 7787
299 1158452 2715
300 1161172 2080
301 1163257 6231
302 1169493 4289
303 1173787 4416
304 1178208 3780
305 1181993 6892
306 1188890 3658
307 1192553 3350
308 1195908 4669
309 1200582 5310
310 1205897 4503
311 1210405 3471
312 1213881 4177
313 1218063 1211
314 1219279 7974
315 1227258 4627
316 1231890 4437
317 1236332 4432
318 1240769 4144
319 1244918 5606
320 1250529 7817
321 1258351 2405
322 1260761 2195
323 1262961 3004
324 1265970 3001
325 1268976 4662
326 1273643 5468
327 1279116 3220
328 1282341 4146
329 1286492 5460
330 1291957 4737
331 1296699 5155
332 1301859 2552
333 1304416 2790
334 1307211 3027
335 1310243 8275
336 1318523 1300
337 1319828 842
338 1320675 4203
339 1324883 3389
340 1328277 1611
341 1329893 9958
342 1339856 3094
343 1342955 8763
344 1351723 3977
345 1355705 5276
346 1360986 4967
347 1365958 8607
348 1374570 4836
349 1379411 3977
350 1383393 592
351 1383990 4730
352 1388725 4426
353 1393156 3858
354 1397019 5868
355 1402892 7260
356 1410157 6492
357 1416654 2629
358 1419288 3407
359 1422700 1033
360 1423738 22882
361 1446625 18557
362 1465187 2646
363 1467838 8478
364 1476321 1714
365 1478040 2457
366 1480502 7156
367 1487663 3387
368 1491055 10991
369 1502051 2940
370 1504996 3562
371 1508563 3281
372 1511849 4876
373 1516730 7290
374 1524025 6941
375 1530971 6226
376 1537202 1131
377 1538338 2848
378 1541191 3502
379 1544698 1119
380 1545822 2498
381 1548325 1622
382 1549952 6335
383 1556292 13597
384 1569894 2164
385 1572063 12927
386 1584995 6491
387 1591491 2940
388 1594436 5082
389 1599523 2021
390 1601549 9070
391 1610624 6604
392 1617233 2540
393 1619778 6381
394 1626164 805
395 1626974 3288
396 1630267 810
397 1631082 6262
398 1637349 6401
399 1643755 5792
400 1649552 10699
401 1660256 3859
402 1664120 1566
403 1665691 2169
404 1667865 9573
405 1677443 4343
406 1681791 6437
407 1688233 3066
408 1691304 6150
409 1697459 6131
410 1703595 1748
411 1705348 6529
412 1711882 3324
413 1715211 6733
414 1721949 9033
415 1730987 1419
416 1732411 2972
417 1735388 1793
418 1737186 3381
419 1740572 6005
420 1746582 6786
421 1753373 6318
422 1759696 6414
423 1766115 9674
424 1775794 9756
425 1785555 1224
426 1786784 774
427 1787563 1214
428 1788782 3864
429 1792651 723
430 1793379 5567
431 1798951 1438
432 1800394 2846
433 1803245 2379
434 1805629 5529
435 1811163 12285
436 1823453 2624
437 1826082 26002
438 1852089 3778
439 1855872 4090
440 1859967 12498
441 1872470 4405
442 1876880 3928
443 1880813 14719
444 1895537 12341
445 1907883 3743
446 1911631 1611
447 1913247 9120
448 1922372 1824
449 1924201 738
450 1924944 3287
451 1928236 2881
452 1931122 5863
453 1936990 9623
454 1946618 4091
455 1950714 1166
456 1951885 1780
457 1953670 5556
458 1959231 4665
459 1963901 4582
460 1968488 4462
461 1972955 1896
462 1974856 4407
463 1979268 3713
464 1982986 6220
465 1989211 4259
466 1993475 1165
467 1994645 796
468 1995446 8912
469 2004363 4003
470 2008371 7038
471 2015414 1567
472 2016986 2527
473 2019518 1147
474 2020670 1065
475 2021740 1055
476 2022800 5368
477 2028173 10937
478 2039115 805
479 2039925 725
480 2040655 4070
481 2044730 10076
482 2054811 1332
483 2056148 3178
484 2059331 846
485 2060182 618
486 2060805 675
487 2061485 1040
488 2062530 773
489 2063308 1786
490 2065099 12331
491 2077435 4394
492 2081834 11260
493 2093099 3679
494 2096783 465
495 2097253 487
496 2097745 498
497 2098248 543
498 2098796 517
499 2099318 520
500 2099843 547
501 2100395 585
502 2100985 533
503 2101523 563
504 2102091 533
505 2102629 531
506 2103165 546
507 2103716 514
508 2104235 583
509 2104823 6585
510 2111413 8185
511 2119603 3669
512 2123277 5007
513 2128289 3497
514 2131791 1901
515 2133697 1049
516 2134751 1457
517 2136213 1221
518 2137439 2158
519 2139602 1354
520 2140961 1797
521 2142763 1850
522 2144618 2201
523 2146824 1860
524 2148689 7684
525 2156378 18183
526 2174566 3905
527 2178476 4442
528 2182923 3398
529 2186326 3614
530 2189945 10372
531 2200322 4120
532 2204447 1284
533 2205736 945
534 2206686 1546
535 2208237 1026
536 2209268 2018
537 2211291 4478
538 2215774 1697
539 2217476 6138
540 2223619 7647
541 2231271 2002
542 2233278 4035
543 2237318 2713
544 2240036 4801
545 2244842 8741
546 2253588 4978
547 2258571 8018
548 2266594 4841
549 2271440 10010
550 2281455 2166
551 2283626 1647
552 2285278 2112
553 2287395 1891
554 2289291 2459
555 2291755 2886
556 2294646 2618
557 2297269 13191
558 2310465 2526
559 2312996 2218
560 2315219 3099
561 2318323 1547
562 2319875 10120
563 2330000 9583
564 2339588 4734
565 2344327 7037
566 2351369 3683
567 2355057 3453
568 2358515 2903
569 2361423 5914
570 2367342 3136
571 2370483 5804
572 2376292 4824
573 2381121 13581
574 2394707 3876
575 2398588 3009
576 2401602 1557
577 2403164 8105
578 2411274 5721
579 2417000 12456
580 2429461 3856
581 2433322 2189
582 2435516 5515
583 2441036 5847
584 2446888 7943
585 2454836 10165
586 2465006 3625
587 2468636 3419
588 2472060 2211
589 2474276 3813
590 2478094 1500
591 2479599 7407
592 2487011 1086
593 2488102 1009
594 2489116 1618
595 2490739 3293
596 2494037 1889
597 2495931 4051
598 2499987 4048
599 2504040 1446
600 2505491 4955
601 2510451 2661
602 2513117 1802
603 2514924 2033
604 2516962 1542
605 2518509 3812
606 2522326 2490
607 2524821 2114
608 2526940 2583
609 2529528 3504
610 2533037 2533
611 2535575 2585
612 2538165 20117
613 2558287 8477
614 2566769 4450
615 2571224 4555
616 2575784 4224
617 2580013 1602
618 2581620 4566
619 2586191 1432
620 2587628 1250
621 2588883 1548
622 2590436 7489
623 2597930 2260
624 2600195 18106
625 2618306 8957
626 2627268 5756
627 2633029 4105
628 2637139 3626
629 2640770 2126
630 2642901 16441
631 2659347 4540
632 2663892 1230
633 2665127 2002
634 2667134 1431
635 2668570 8231
636 2676806 5252
637 2682063 6925
638 2688993 1896
639 2690894 8192
640 2699091 7593
641 2706689 8531
642 2715225 5021
643 2720251 15171
644 2735427 7598
645 2743030 5162
646 2748197 1439
647 2749641 1634
648 2751280 2222
649 2753507 1416
650 2754928 899
651 2755832 6415
652 2762252 2207
653 2764464 8241
654 2772710 4288
655 2777003 1949
656 2778957 5318
657 2784280 5551
658 2789836 9197
659 2799038 4772
660 2803815 9575
661 2813395 3853
662 2817253 1143
663 2818401 1488
664 2819894 9134
665 2829033 376
666 2829414 1803
667 2831222 849
668 2832076 1519
669 2833600 12546
670 2846151 8114
671 2854270 4159
672 2858434 5082
673 2863521 4486
674 2868012 8892
675 2876909 2287
676 2879201 5445
677 2884651 3007
678 2887663 3185
679 2890853 1754
680 2892612 8152
681 2900769 3769
682 2904543 14234
683 2918782 3358
684 2922145 3958
685 2926108 4393
686 2930506 11673
687 2942184 999
688 2943188 8003
689 2951196 6281
690 2957482 863
691 2958350 5711
692 2964066 15640
693 2979711 989
694 2980705 6096
695 2986806 739
696 2987550 5283
697 2992838 7860
698 3000703 1517
699 3002225 4412
700 3006642 784
701 3007431 8927
702 3016363 1428
703 3017796 2201
704 3020002 1069
705 3021076 5467
706 3026548 2031
707 3028584 1564
708 3030153 1916
709 3032074 1235
710 3033314 1242
711 3034561 6922
712 3041488 3815
713 3045308 1087
714 3046400 2532
715 3048937 2288
716 3051230 3289
717 3054524 2645
718 3057174 29743
719 3086922 1160
720 3088087 1809
721 3089901 5142
722 3095048 1317
723 3096370 1713
724 3098088 1794
725 3099887 2478
726 3102370 1741
727 3104116 1647
728 3105768 2687
729 3108460 3271
730 3111736 4695
731 3116436 1848
732 3118289 1021
733 3119315 1559
734 3120879 2116
735 3123000 1592
736 3124597 1861
737 3126463 1353
738 3127821 1966
739 3129792 1677
740 3131474 923
741 3132402 2781
742 3135188 1934
743 3137127 6164
744 3143296 2790
745 3146091 1465
746 3147561 1270
747 3148836 2751
748 3151592 1520
749 3153117 2377
750 3155499 1532
751 3157036 1403
752 3158444 2254
753 3160703 1587
754 3162295 1777
755 3164077 5257
756 3169339 5632
757 3174976 1740
758 3176721 1360
759 3178086 3038
760 3181129 1667
761 3182801 2846
762 3185652 930
763 3186587 1665
764 3188257 4056
765 3192318 3296
766 3195619 3055
767 3198679 3427
768 3202111 2773
769 3204889 1472
770 3206366 1438
771 3207809 954
772 3208768 2231
773 3211004 1160
774 3212169 3379
775 3215553 3250
776 3218808 3842
777 3222655 1820
778 3224480 4948
779 3229433 1847
780 3231285 1038
781 3232328 1339
782 3233672 1054
783 3234731 1226
784 3235962 5106
785 3241073 1917
786 3242995 1198
787 3244198 1362
788 3245565 1304
789 3246874 4232
790 3251111 1570
791 3252686 2747
792 3255438 2202
793 3257645 1166
794 3258816 1900
795 3260721 5046
796 3265772 2398
797 3268175 8551
798 3276731 4293
799 3281029 3283
800 3284317 12787
801 3297109 4593
802 3301707 2440
803 3304152 2486
804 3306643 729
805 3307377 1400
806 3308782 10048
807 3318835 21628
808 3340468 937
809 3341410 3577
810 3344992 3898
811 3348895 1484
812 3350384 1129
813 3351518 5734
814 3357257 1274
815 3358536 955
816 3359496 10842
817 3370343 1418
818 3371766 17579
819 3389350 9529
820 3398884 2906
821 3401795 4034
822 3405834 1380
823 3407219 4632
824 3411856 6019
825 3417880 1108
826 3418993 879
827 3419877 2359
828 3422241 8203
829 3430449 3311
830 3433765 1898
831 3435668 586
832 3436259 1599
833 3437863 2330
834 3440198 3871
835 3444074 5985
836 3450064 1381
837 3451450 3230
838 3454685 1290
839 3455980 1364
840 3457349 1150
841 3458504 5582
842 3464091 987
843 3465083 4432
844 3469520 405
845 3469930 8935
846 3478870 3653
847 3482528 1649
848 3484182 1389
849 3485576 6389
850 3491970 4067
851 3496042 1271
852 3497318 2984
853 3500307 2719
854 3503031 1838
855 3504874 4133
856 3509012 12884
857 3521901 1525
858 3523431 4046
859 3527482 3630
860 3531117 1415
861 3532537 1138
862 3533680 4020
863 3537705 6924
864 3544634 1644
865 3546283 1576
866 3547864 1514
867 3549383 2478
868 3551866 2210
869 3554081 1797
870 3555883 1814
871 3557702 1205
872 3558912 1686
873 3560603 854
874 3561462 7079
875 3568546 8121
876 3576672 1527
877 3578204 1133
878 3579342 4729
879 3584076 2472
880 3586553 1215
881 3587773 6495
882 3594273 1829
883 3596107 7540
884 3603652 2223
885 3605880 6437
886 3612322 4040
887 3616367 1441
888 3617813 8393
889 3626211 6889
890 3633105 9507
891 3642617 3678
892 3646300 2285
893 3648590 3439
894 3652034 4764
895 3656803 1737
896 3658545 2060
897 3660610 3183
898 3663798 6351
899 3670154 1043
900 3671202 6712
901 3677919 997
902 3678921 1207
903 3680133 865
904 3681003 6364
905 3687372 2897
906 3690274 5117
907 3695396 9141
908 3704542 7425
909 3711972 1885
910 3713862 5562
911 3719429 3665
912 3723099 1575
913 3724679 711
914 3725395 3355
915 3728755 9115
916 3737875 2940
917 3740820 2284
918 3743109 5748
919 3748862 1360
920 3750227 4463
921 3754695 760
922 3755460 2613
923 3758078 1602
924 3759685 1193
925 3760883 2582
926 3763470 4432
927 3767907 2978
928 3770890 5464
929 3776359 5899
930 3782263 4511
931 3786779 2819
932 3789603 2139
933 3791747 1129
934 3792881 879
935 3793765 2708
936 3796478 5799
937 3802282 1019
938 3803306 1861
939 3805172 1788
940 3806965 7547
941 3814517 1278
942 3815800 2285
943 3818090 2496
944 3820591 1460
945 3822056 630
946 3822691 5063
947 3827759 6152
948 3833916 11658
949 3845579 1283
950 3846867 2402
951 3849274 1089
952 3850368 1318
953 3851691 2253
954 3853949 2867
955 3856821 5239
956 3862065 2495
957 3864565 3087
958 3867657 20082
959 3887744 2906
960 3890655 1684
961 3892344 2317
962 3894666 1815
963 3896486 1528
964 3898019 7389
965 3905413 4644
966 3910062 12621
967 3922688 2454
968 3925147 1900
969 3927052 1505
970 3928562 3179
971 3931746 1441
972 3933192 3925
973 3937122 1163
974 3938290 1190
975 3939485 1396
976 3940886 2430
977 3943321 2019
978 3945345 2420
979 3947770 3495
980 3951270 1048
981 3952323 7311
982 3959639 5251
983 3964895 6593
984 3971493 4484
985 3975982 3758
986 3979745 2811
987 3982561 30625
988 4013191 4008
989 4017204 5210
990 4022419 2922
991 4025346 2013
992 4027364 4758
993 4032127 1296
994 4033428 2623
995 4036056 7425
996 4043486 1360
997 4044851 1136
998 4045992 9081
999 4055078 11205
1000 4066288 9229
1001 4075522 15949
1002 4091476 8712
1003 4100193 8405
1004 4108603 7320
1005 4115928 11227
1006 4127160 19484
1007 4146649 13568
1008 4160222 5523
1009 4165750 558
1010 4166313 890
1011 4167208 3257
1012 4170470 7390
1013 4177865 605
1014 4178475 1597
1015 4180077 3523
1016 4183605 2154
1017 4185764 9183
1018 4194952 8054
1019 4203011 8623
1020 4211639 4743
1021 4216387 2745
1022 4219137 4141
1023 4223283 7178
1024 4230466 3465
1025 4233936 2894
1026 4236835 737
1027 4237577 1116
1028 4238698 1698
1029 4240401 6694
1030 4247100 1410
1031 4248515 11437
1032 4259957 6378
1033 4266340 4470
1034 4270815 25715
1035 4296535 3804
1036 4300344 5194
1037 4305543 8414
1038 4313962 9798
1039 4323765 4681
1040 4328451 9632
1041 4338088 12775
1042 4350868 4720
1043 4355593 10964
1044 4366562 5163
1045 4371730 1814
1046 4373549 3872
1047 4377426 4825
1048 4382256 3768
1049 4386029 10735
1050 4396769 9902
1051 4406676 6834
1052 4413515 6100
1053 4419620 6608
1054 4426233 5836
1055 4432074 4131
1056 4436210 3959
1057 4440174 3538
1058 4443717 3901
1059 4447623 3390
1060 4451018 12254
1061 4463277 12875
1062 4476157 4287
1063 4480449 2918
1064 4483372 5623
1065 4489000 15878
1066 4504883 4333
1067 4509221 785
1068 4510011 1267
1069 4511283 4447
1070 4515735 4426
1071 4520166 2150
1072 4522321 13014
1073 4535340 6760
1074 4542105 8845
1075 4550955 7762
1076 4558722 10720
1077 4569447 7024
1078 4576476 8992
1079 4585473 2402
1080 4587880 8182
1081 4596067 8319
1082 4604391 3955
1083 4608351 5789
1084 4614145 10281
1085 4624431 13653
1086 4638089 591
1087 4638685 1598
1088 4640288 3142
1089 4643435 1543
1090 4644983 3323
1091 4648311 1274
1092 4649590 1844
1093 4651439 4555
1094 4655999 1145
1095 4657149 4255
1096 4661409 1889
1097 4663303 2203
1098 4665511 4992
1099 4670508 2613
1100 4673126 2663
1101 4675794 435
1102 4676234 1590
1103 4677829 1568
1104 4679402 2245
1105 4681652 1559
1106 4683216 1149
1107 4684370 2724
1108 4687099 1079
1109 4688183 402
1110 4688590 4628
1111 4693223 1348
1112 4694576 961
1113 4695542 3955
1114 4699502 1406
1115 4700913 3176
1116 4704094 2675
1117 4706774 608
1118 4707387 1355
1119 4708747 1306
1120 4710058 2562
1121 4712625 1263
1122 4713893 8155
1123 4722053 662
1124 4722720 1403
1125 4724128 7489
1126 4731622 3944
1127 4735571 3785
1128 4739361 3536
1129 4742902 7079
1130 4749986 4992
1131 4754983 1718
1132 4756706 1640
1133 4758351 2081
1134 4760437 1408
1135 4761850 580
1136 4762435 1418
1137 4763858 2357
1138 4766220 4529
1139 4770754 1606
1140 4772365 11565
1141 4783935 2117
1142 4786057 888
1143 4786950 992
1144 4787947 1133
1145 4789085 1888
1146 4790978 784
1147 4791767 11587
1148 4803359 1847
1149 4805211 3013
1150 4808229 3780
1151 4812014 1019
1152 4813038 2268
1153 4815311 1296
1154 4816612 4809
1155 4821426 384
1156 4821815 7085
1157 4828905 1107
1158 4830017 1846
1159 4831868 2627
1160 4834500 1552
1161 4836057 1316
1162 4837378 6680
1163 4844063 3608
1164 4847676 1064
1165 4848745 3604
1166 4852354 1710
1167 4854069 3065
1168 4857139 1377
1169 4858521 566
1170 4859092 833
1171 4859930 4906
1172 4864841 1291
1173 4866137 6516
1174 4872658 2761
1175 4875424 516
1176 4875945 4297
1177 4880247 590
1178 4880842 1550
1179 4882397 2185
1180 4884587 2848
1181 4887440 3226
1182 4890671 1441
1183 4892117 1597
1184 4893719 1201
1185 4894925 1516
1186 4896446 2414
1187 4898865 662
1188 4899532 5060
1189 4904597 6603
1190 4911205 4761
1191 4915971 4271
1192 4920247 3659
1193 4923911 3104
1194 4927020 4155
1195 4931180 8691
1196 4939876 4097
1197 4943978 7587
1198 4951570 38311
1199 4989886 5477
1200 4995368 17899
1201 5013272 5348
1202 5018625 2836
1203 5021466 10589
1204 5032060 3848
1205 5035913 4781
1206 5040699 5467
1207 5046171 4889
1208 5051065 5306
1209 5056376 6792
1210 5063173 6545
1211 5069723 4741
1212 5074469 4213
1213 5078687 9006
1214 5087698 8452
1215 5096155 5528
1216 5101688 4339
1217 5106032 7483
1218 5113520 7955
1219 5121480 5713
1220 5127198 5414
1221 5132617 4528
1222 5137150 5019
1223 5142174 4371
1224 5146550 4409
1225 5150964 5397
1226 5156366 1322
1227 5157693 4068
1228 5161766 19865
1229 5181636 3769
1230 5185410 6396
1231 5191811 4721
1232 5196537 2860
1233 5199402 3531
1234 5202938 3960
1235 5206903 3512
1236 5210420 4325
1237 5214750 4294
1238 5219049 8261
1239 5227315 7892
1240 5235212 8038
1241 5243255 7357
1242 5250617 1698
1243 5252320 5313
1244 5257638 4667
1245 5262310 9469
1246 5271784 5369
1247 5277158 4242
1248 5281405 4839
1249 5286249 4078
1250 5290332 10538
1251 5300875 5604
1252 5306484 4155
1253 5310644 3795
1254 5314444 3473
1255 5317922 18456
1256 5336383 4830
1257 5341218 5427
1258 5346650 3456
1259 5350111 11527
1260 5361643 7938
1261 5369586 19574
1262 5389165 5502
1263 5394672 1295
1264 5395972 2197
1265 5398174 2888
1266 5401067 3719
1267 5404791 19385
1268 5424181 19793
1269 5443979 4411
1270 5448395 4362
1271 5452762 3586
1272 5456353 12602
1273 5468960 6833
1274 5475798 25733
1275 5501536 11269
1276 5512810 7156
1277 5519971 1616
1278 5521592 6009
1279 5527606 6413
1280 5534024 23600
1281 5557629 1631
1282 5559265 2875
1283 5562145 4508
1284 5566658 4515
1285 5571178 4739
1286 5575922 17323
1287 5593250 2540
1288 5595795 12849
1289 5608649 14692
1290 5623346 9388
1291 5632739 8561
1292 5641305 5306
1293 5646616 11835
1294 5658456 3921
1295 5662382 5515
1296 5667902 5065
1297 5672972 4687
1298 5677664 6026
1299 5683695 3928
1300 5687628 4756
1301 5692389 4530
1302 5696924 7085
1303 5704014 4324
1304 5708343 6046
1305 5714394 3943
1306 5718342 5020
1307 5723367 24854
1308 5748226 2548
1309 5750779 5571
1310 5756355 4703
1311 5761063 4500
1312 5765568 3852
1313 5769425 24480
1314 5793910 2486
1315 5796401 16249
1316 5812655 10811
1317 5823471 2387
1318 5825863 6155
1319 5832023 3747
1320 5835775 7841
1321 5843621 5795
1322 5849421 7061
1323 5856487 4416
1324 5860908 6784
1325 5867697 5471
1326 5873173 7369
1327 5880547 4695
1328 5885247 8679
1329 5893931 5509
1330 5899445 5009
1331 5904459 34305
1332 5938769 2461
1333 5941235 4904
1334 5946144 6270
1335 5952419 4673
1336 5957097 2731
1337 5959833 21754
1338 5981592 5686
1339 5987283 5250
1340 5992538 4874
1341 5997417 2710
1342 6000132 5015
1343 6005152 4758
1344 6009915 6104
1345 6016024 4838
1346 6020867 22847
1347 6043719 5192
1348 6048916 4412
1349 6053333 5584
1350 6058922 2632
1351 6061559 5045
1352 6066609 5874
1353 6072488 5999
1354 6078492 3625
1355 6082122 5647
1356 6087774 6099
1357 6093878 6714
1358 6100597 3984
1359 6104586 5692
1360 6110283 5244
1361 6115532 5321
1362 6120858 4249
1363 6125112 7348
1364 6132465 5337
1365 6137807 4961
1366 6142773 2803
1367 6145581 25347
1368 6170933 5267
1369 6176205 5545
1370 6181755 9949
1371 6191709 10803
1372 6202517 4670
1373 6207192 4841
1374 6212038 4413
1375 6216456 6419
1376 6222880 24744
1377 6247629 5933
1378 6253567 4459
1379 6258031 3785
1380 6261821 4324
1381 6266150 5109
1382 6271264 5393
1383 6276662 19413
1384 6296080 8511
1385 6304596 8400
1386 6313001 8027
1387 6321033 6354
1388 6327392 6702
1389 6334099 4364
1390 6338468 8145
1391 6346618 5190
1392 6351813 4963
1393 6356781 4092
1394 6360878 7885
1395 6368768 5541
1396 6374314 5551
1397 6379870 24170
1398 6404045 4278
1399 6408328 7212
1400 6415545 3965
1401 6419515 16003
1402 6435523 5278
1403 6440806 4520
1404 6445331 4589
1405 6449925 2647
1406 6452577 9537
1407 6462119 4625
1408 6466749 5031
1409 6471785 5052
1410 6476842 3528
1411 6480375 9438
1412 6489818 8687
1413 6498510 2879
1414 6501394 4232
1415 6505631 5690
1416 6511326 5663
1417 6516994 5392
1418 6522391 19390
1419 6541786 6882
1420 6548673 3234
1421 6551912 3941
1422 6555858 3308
1423 6559171 11457
1424 6570633 4986
1425 6575624 6209
1426 6581838 4825
1427 6586668 3808
1428 6590481 6531
1429 6597017 5312
1430 6602334 4789
1431 6607128 4444
1432 6611577 5968
1433 6617550 5243
1434 6622798 6237
1435 6629040 22774
1436 6651819 3030
1437 6654854 4864
1438 6659723 3088
1439 6662816 4861
1440 6667682 4205
1441 6671892 4834
1442 6676731 6707
1443 6683443 27285
1444 6710733 3027
1445 6713765 5809
1446 6719579 5638
1447 6725222 16458
1448 6741685 2671
1449 6744361 3024
1450 6747390 3670
1451 6751065 4661
1452 6755731 4099
1453 6759835 11479
1454 6771319 10931
1455 6782255 5980
1456 6788240 13595
1457 6801840 5266
1458 6807111 6193
1459 6813309 8048
1460 6821362 8313
1461 6829680 5861
1462 6835546 7935
1463 6843486 4959
1464 6848450 4014
1465 6852469 4941
1466 6857415 7151
1467 6864571 5429
1468 6870005 32408
1469 6902418 2760
1470 6905183 13663
1471 6918851 11530
1472 6930386 7681
1473 6938072 4121
1474 6942198 13044
1475 6955247 4933
1476 6960185 3436
1477 6963626 8950
1478 6972581 3181
1479 6975767 3780
1480 6979552 2762
1481 6982319 4892
1482 6987216 16873
1483 7004094 2831
1484 7006930 4779
1485 7011714 7766
1486 7019485 4868
1487 7024358 2479
1488 7026842 6117
1489 7032964 22230
1490 7055199 2824
1491 7058028 2443
1492 7060476 2943
1493 7063424 3297
1494 7066726 19047
1495 7085778 4812
1496 7090595 7093
1497 7097693 10382
1498 7108080 5181
1499 7113266 4333
1500 7117604 2436
1501 7120045 7252
1502 7127302 3232
1503 7130539 5567
1504 7136111 3824
1505 7139940 7686
1506 7147631 4104
1507 7151740 5408
1508 7157153 7547
1509 7164705 5133
1510 7169843 6210
1511 7176058 4897
1512 7180960 2725
1513 7183690 22967
1514 7206662 5161
1515 7211828 4325
1516 7216158 14057
1517 7230220 2574
1518 7232799 2689
1519 7235493 3483
1520 7238981 2241
1521 7241227 20002
1522 7261234 5251
1523 7266490 3205
1524 7269700 2987
1525 7272692 2777
1526 7275474 3484
1527 7278963 2915
1528 7281883 3515
1529 7285403 23311
1530 7308719 5034
1531 7313758 7833
1532 7321596 2519
1533 7324120 2550
1534 7326675 4319
1535 7330999 6675
1536 7337679 6350
1537 7344034 4912
1538 7348951 5235
1539 7354191 5843
1540 7360039 4360
1541 7364404 5328
1542 7369737 5071
1543 7374813 25072
1544 7399890 4640
1545 7404535 3172
1546 7407712 2979
1547 7410696 3366
1548 7414067 17216
1549 7431288 5025
1550 7436318 2619
1551 7438942 8874
1552 7447821 3346
1553 7451172 3401
1554 7454578 21021
1555 7475604 5947
1556 7481556 10646
1557 7492207 11413
1558 7503625 3406
1559 7507036 5743
1560 7512784 4555
1561 7517344 7115
1562 7524464 7328
1563 7531797 3990
1564 7535792 4746
1565 7540543 3696
1566 7544244 5297
1567 7549546 2481
1568 7552032 5648
1569 7557685 24327
1570 7582017 2736
1571 7584758 4524
1572 7589287 288
1573 7589580 2954
1574 7592539 16148
1575 7608692 3687
1576 7612384 3211
1577 7615600 3018
1578 7618623 21968
1579 7640596 17001
1580 7657602 17635
1581 7675242 2633
1582 7677880 13480
1583 7691365 10265
1584 7701635 5786
1585 7707426 6107
1586 7713538 3516
1587 7717059 4790
1588 7721854 9531
1589 7731390 6146
1590 7737541 5674
1591 7743220 7641
1592 7750866 7190
1593 7758061 5709
1594 7763775 29882
1595 7793662 4469
1596 7798136 6055
1597 7804196 3176
1598 7807377 8151
1599 7815533 2451
1600 7817989 2850
1601 7820844 3579
1602 7824428 3202
1603 7827635 4344
1604 7831984 3479
1605 7835468 21773
1606 7857246 6199
1607 7863450 7952
1608 7871407 4692
1609 7876104 5169
1610 7881278 2453
1611 7883736 6748
1612 7890489 3027
1613 7893521 2757
1614 7896283 3606
1615 7899894 14286
1616 7914185 4764
1617 7918954 5180
1618 7924139 2370
1619 7926514 5028
1620 7931547 6138
1621 7937690 2817
1622 7940512 2953
1623 7943470 5164
1624 7948639 4098
1625 7952742 9608
1626 7962355 8027
1627 7970387 4648
1628 7975040 5801
1629 7980846 3532
1630 7984383 16466
1631 8000854 5528
1632 8006387 6533
1633 8012925 4915
1634 8017845 2790
1635 8020640 2559
1636 8023204 3385
1637 8026594 3004
1638 8029603 13435
1639 8043043 5268
1640 8048316 7841
1641 8056162 2556
1642 8058723 6722
1643 8065450 12883
1644 8078338 6419
1645 8084762 5803
1646 8090570 2751
1647 8093326 7914
1648 8101245 3684
1649 8104934 3016
1650 8107955 3256
1651 8111216 17918
1652 8129139 2876
1653 8132020 2847
1654 8134872 6955
1655 8141832 7717
1656 8149554 5144
1657 8154703 4143
1658 8158851 2395
1659 8161251 4569
1660 8165825 5012
1661 8170842 3226
1662 8174073 4891
1663 8178969 5678
1664 8184652 22870
1665 8207527 22658
1666 8230190 4481
1667 8234676 4226
1668 8238907 3299
1669 8242211 17472
1670 8259688 3832
1671 8263525 2122
1672 8265652 3054
1673 8268711 4033
1674 8272749 14959
1675 8287713 4348
1676 8292066 13423
1677 8305494 3930
1678 8309429 5830
1679 8315264 2479
1680 8317748 2992
1681 8320745 3584
1682 8324334 15451
1683 8339790 4068
1684 8343863 3003
1685 8346871 3317
1686 8350193 5169
1687 8355367 8753
1688 8364125 7210
1689 8371340 9904
1690 8381249 4088
1691 8385342 4273
1692 8389620 4455
1693 8394080 8199
1694 8402284 21999
1695 8424288 10304
1696 8434597 7554
1697 8442156 5694
1698 8447855 5708
1699 8453568 6537
1700 8460110 6457
1701 8466572 6533
1702 8473110 4877
1703 8477992 5281
1704 8483278 5210
1705 8488493 5563
1706 8494061 2977
1707 8497043 5206
1708 8502254 22249
1709 8524508 1966
1710 8526479 4616
1711 8531100 6045
1712 8537150 10011
1713 8547166 7505
1714 8554676 8239
1715 8562920 17682
1716 8580607 14222
1717 8594834 614
1718 8595453 4396
1719 8599854 33744
1720 8633603 2899
1721 8636507 2776
1722 8639288 4954
1723 8644247 3879
1724 8648131 2883
1725 8651019 4429
1726 8655453 2972
1727 8658430 6574
1728 8665009 8791
1729 8673805 6159
1730 8679969 5946
1731 8685920 7217
1732 8693142 15956
1733 8709103 7577
1734 8716685 10382
1735 8727072 609
1736 8727686 12095
1737 8739786 7158
1738 8746949 16960
1739 8763914 3290
1740 8767209 9002
1741 8776216 7576
1742 8783797 8220
1743 8792022 23423
1744 8815450 14012
1745 8829467 7233
1746 8836705 5841
1747 8842551 7242
1748 8849798 10386
1749 8860189 7216
1750 8867410 4218
1751 8871633 5506
1752 8877144 7864
1753 8885013 16436
1754 8901454 7213
1755 8908672 431
1756 8909108 454
1757 8909567 5978
1758 8915550 429
1759 8915984 451
1760 8916440 2223
1761 8918668 10452
1762 8929125 55348
1763 8984478 5880
1764 8990363 9291
1765 8999659 8032
1766 9007696 6903
1767 9014604 7332
1768 9021941 5767
1769 9027713 5652
1770 9033370 7184
1771 9040559 7236
1772 9047800 9964
1773 9057769 12139
1774 9069913 17446
1775 9087364 3557
1776 9090926 8323
1777 9099254 4259
1778 9103518 5742
1779 9109265 10762
1780 9120032 7875
1781 9127912 8545
1782 9136462 24580
1783 9161047 14122
1784 9175174 7174
1785 9182353 5741
1786 9188099 5473
1787 9193577 3918
1788 9197500 7170
1789 9204675 3935
1790 9208615 3409
1791 9212029 4073
1792 9216107 10535
1793 9226647 15447
1794 9242099 12188
1795 9254292 7163
1796 9261460 14379
1797 9275844 5350
1798 9281199 4167
1799 9285371 5585
1800 9290961 10351
1801 9301317 7890
1802 9309212 8562
1803 9317779 16929
1804 9334713 7163
1805 9341881 5883
1806 9347769 5755
1807 9353529 5506
1808 9359040 7154
1809 9366199 10270
1810 9376474 12128
1811 9388607 7156
1812 9395768 4224
1813 9399997 5580
1814 9405582 10333
1815 9415920 7846
1816 9423771 8577
1817 9432353 17166
1818 9449524 7157
1819 9456686 5857
1820 9462548 5568
1821 9468121 7163
1822 9475289 9783
1823 9485077 16403
1824 9501485 7240
1825 9508730 12127
1826 9520862 7139
1827 9528006 17415
1828 9545426 4131
1829 9549562 5775
1830 9555342 10343
1831 9565690 7853
1832 9573548 8592
1833 9582145 23530
1834 9605680 5851
1835 9611536 5555
1836 9617096 7136
1837 9624237 7215
1838 9631457 9583
1839 9641045 12337
1840 9653387 7154
1841 9660546 4116
1842 9664667 5640
1843 9670312 10331
1844 9680648 7822
1845 9688475 8507
1846 9696987 17648
1847 9714640 7128
1848 9721773 5883
1849 9727661 5463
1850 9733129 9676
1851 9742810 9202
1852 9752017 3524
1853 9755546 5817
1854 9761368 10338
1855 9771711 7788
1856 9779504 8513
1857 9788022 17158
1858 9805185 9628
1859 9814818 5551
1860 9820374 16757
1861 9837136 7224
1862 9844365 9792
1863 9854162 17464
1864 9871631 8390
1865 9880026 4327
1866 9884358 6017
1867 9890380 10328
1868 9900713 7877
1869 9908595 8572
1870 9917172 24458
1871 9941635 6168
1872 9947808 7332
1873 9955145 5858
1874 9961008 5508
1875 9966521 4084
1876 9970610 4066
1877 9974681 5845
1878 9980531 10368
1879 9990904 17676
1880 10008585 5937
1881 10014527 5626
1882 10020158 9530
1883 10029693 4698
1884 10034396 6486
1885 10040887 10990
1886 10051882 4024
1887 10055911 5833
1888 10061749 10375
1889 10072129 7906
1890 10080040 8530
1891 10088575 17007
1892 10105587 5569
1893 10111161 17616
1894 10128782 15092
1895 10143879 3761
1896 10147645 6954
1897 10154604 10382
1898 10164991 16976
1899 10181972 8414
1900 10190391 3219
1901 10193615 3786
1902 10197406 6065
1903 10203476 10387
1904 10213868 22593
1905 10236466 5423
1906 10241894 10634
1907 10252533 12093
1908 10264631 15670
1909 10280306 2985
1910 10283296 5163
1911 10288464 9537
1912 10298006 7242
1913 10305253 8079
1914 10313337 16415
1915 10329757 3520
1916 10333282 5733
1917 10339020 5578
1918 10344603 9889
1919 10354497 56693
1920 10411195 7444
1921 10418644 6166
1922 10424815 5317
1923 10430137 13441
1924 10443583 10657
1925 10454245 3948
1926 10458198 7446
1927 10465649 3637
1928 10469291 7290
1929 10476586 3805
1930 10480396 5170
1931 10485571 7872
1932 10493448 11020
1933 10504473 1896
1934 10506374 7298
1935 10513677 3731
1936 10517413 7949
1937 10525367 547
1938 10525919 5284
1939 10531208 2565
1940 10533778 3134
1941 10536917 3937
1942 10540859 824
1943 10541688 944
1944 10542637 5713
1945 10548355 1552
1946 10549912 2201
1947 10552118 2679
1948 10554802 3722
1949 10558529 3326
1950 10561860 2142
1951 10564007 4897
1952 10568909 10130
1953 10579044 659
1954 10579708 3215
1955 10582928 3515
1956 10586448 3822
1957 10590275 9866
1958 10600146 2144
1959 10602295 1697
1960 10603997 3179
1961 10607181 5620
1962 10612806 3717
1963 10616528 2051
1964 10618584 4447
1965 10623036 1434
1966 10624475 9483
1967 10633963 4622
1968 10638590 2641
1969 10641236 3629
1970 10644870 1803
1971 10646678 1551
1972 10648234 1563
1973 10649802 4763
1974 10654570 2955
1975 10657530 8575
1976 10666110 5351
1977 10671466 3102
1978 10674573 7197
1979 10681775 1253
1980 10683033 2862
1981 10685900 2634
1982 10688539 2006
1983 10690550 599
1984 10691154 5906
1985 10697065 589
1986 10697659 2133
1987 10699797 6658
1988 10706460 5920
1989 10712385 2578
1990 10714968 3134
1991 10718107 8973
1992 10727085 3669
1993 10730759 3091
1994 10733855 8960
1995 10742820 4071
1996 10746896 3430
1997 10750331 3674
1998 10754010 1524
1999 10755539 4524
2000 10760068 1092
2001 10761165 1842
2002 10763012 5637
2003 10768654 2156
2004 10770815 1861
2005 10772681 15826
2006 10788512 5947
2007 10794464 2321
2008 10796790 2684
2009 10799479 5443
2010 10804927 3980
2011 10808912 13732
2012 10822649 3882
2013 10826536 1906
2014 10828447 3663
2015 10832115 6598
2016 10838718 3014
2017 10841737 612
2018 10842354 4721
2019 10847080 4585
2020 10851670 2767
2021 10854442 4767
2022 10859214 2221
2023 10861440 808
2024 10862253 5081
2025 10867339 9706
2026 10877050 1715
2027 10878770 815
2028 10879590 800
2029 10880395 2982
2030 10883382 1936
2031 10885323 2374
2032 10887702 3233
2033 10890940 2953
2034 10893898 3005
2035 10896908 3078
2036 10899991 2497
2037 10902493 2539
2038 10905037 2609
2039 10907651 926
2040 10908582 1662
2041 10910249 5901
2042 10916155 2636
2043 10918796 1346
2044 10920147 2110
2045 10922262 1633
2046 10923900 2947
2047 10926852 5873
2048 10932730 1254
2049 10933989 2892
2050 10936886 1903
2051 10938794 1296
2052 10940095 1180
2053 10941280 1837
2054 10943122 6023
2055 10949150 3499
2056 10952654 1652
2057 10954311 683
2058 10954999 2775
2059 10957779 958
2060 10958742 5823
2061 10964570 5276
2062 10969851 1672
2063 10971528 823
2064 10972356 852
2065 10973213 2556
2066 10975774 5870
2067 10981649 3788
2068 10985442 3758
2069 10989205 3716
2070 10992926 4097
2071 10997028 3881
2072 11000914 3800
2073 11004719 691
2074 11005415 5834
2075 11011254 757
2076 11012016 2876
2077 11014897 2911
2078 11017813 1144
2079 11018962 1329
2080 11020296 7598
2081 11027899 1534
2082 11029438 2352
2083 11031795 2149
2084 11033949 1522
2085 11035476 1015
2086 11036496 1767
2087 11038268 2686
2088 11040959 1979
2089 11042943 16993
2090 11059941 1615
2091 11061561 4897
2092 11066463 2177
2093 11068645 2870
2094 11071520 6282
2095 11077807 608
2096 11078420 4091
2097 11082516 2080
2098 11084601 1284
2099 11085890 4667
2100 11090562 918
2101 11091485 2184
2102 11093674 1959
2103 11095638 4197
2104 11099840 4740
2105 11104585 9225
2106 11113815 4172
2107 11117992 2768
2108 11120765 909
2109 11121679 874
2110 11122558 964
2111 11123527 1106
2112 11124638 853
2113 11125496 1161
2114 11126662 3002
2115 11129669 4465
2116 11134139 9752
2117 11143896 2265
2118 11146166 3228
2119 11149399 2173
2120 11151577 2349
2121 11153931 26817
2122 11180753 1967
2123 11182725 1847
2124 11184577 5403
2125 11189985 5505
2126 11195495 2565
2127 11198065 3466
2128 11201536 4839
2129 11206380 3802
2130 11210187 3437
2131 11213629 15415
2132 11229049 4191
2133 11233245 3648
2134 11236898 10232
2135 11247135 1735
2136 11248875 1558
2137 11250438 5920
2138 11256363 5073
2139 11261441 3911
2140 11265357 2270
2141 11267632 1337
2142 11268974 731
2143 11269710 1607
2144 11271322 4700
2145 11276027 2810
2146 11278842 2024
2147 11280871 8786
2148 11289662 6307
2149 11295974 5237
2150 11301216 2038
2151 11303259 6539
2152 11309803 3041
2153 11312849 3007
2154 11315861 7542
2155 11323408 1768
2156 11325181 2093
2157 11327279 2657
2158 11329941 1766
2159 11331712 7646
2160 11339363 3416
2161 11342784 3114
2162 11345903 1972
2163 11347880 5639
2164 11353524 8205
2165 11361734 3271
2166 11365010 658
2167 11365673 3724
2168 11369402 5135
2169 11374542 6988
2170 11381535 988
2171 11382528 2441
2172 11384974 4411
2173 11389390 3631
2174 11393026 2972
2175 11396003 5704
2176 11401712 5157
2177 11406874 7380
2178 11414259 1197
2179 11415461 4006
2180 11419472 1419
2181 11420896 7398
2182 11428299 3364
2183 11431668 4453
2184 11436126 4909
2185 11441040 2417
2186 11443462 6093
2187 11449560 2355
2188 11451920 1786
2189 11453711 15298
2190 11469014 5476
2191 11474495 1441
2192 11475941 5723
2193 11481669 1468
2194 11483142 4666
2195 11487813 9786
2196 11497604 1799
2197 11499408 3543
2198 11502956 15592
2199 11518553 9674
2200 11528232 3987
2201 11532224 7926
2202 11540155 3847
2203 11544007 14134
2204 11558146 3791
2205 11561942 14631
2206 11576578 2683
2207 11579266 2781
2208 11582052 3632
2209 11585689 3532
2210 11589226 4230
2211 11593461 3847
2212 11597313 3124
2213 11600442 1747
2214 11602194 4358
2215 11606557 4054
2216 11610616 4209
2217 11614830 3606
2218 11618441 3718
2219 11622164 3869
2220 11626038 4060
2221 11630103 3534
2222 11633642 3838
2223 11637485 3547
2224 11641037 3153
2225 11644195 3193
2226 11647393 4120
2227 11651518 3322
2228 11654845 3454
2229 11658304 3515
2230 11661824 3577
2231 11665406 4742
2232 11670153 1579
2233 11671737 3482
2234 11675224 5134
2235 11680363 3345
2236 11683713 3789
2237 11687507 3545
2238 11691057 2794
2239 11693856 3291
2240 11697152 3709
2241 11700866 3254
2242 11704125 3605
2243 11707735 18972
2244 11726712 4547
2245 11731264 3832
2246 11735101 3665
2247 11738771 4384
2248 11743160 1301
2249 11744466 995
2250 11745466 3001
2251 11748472 4118
2252 11752595 3566
2253 11756166 3591
2254 11759762 2673
2255 11762440 1174
2256 11763619 4277
2257 11767901 19817
2258 11787723 3394
2259 11791122 4836
2260 11795963 3365
2261 11799333 3700
2262 11803038 2757
2263 11805800 785
2264 11806590 5991
2265 11812586 3373
2266 11815964 8970
2267 11824939 4042
2268 11828986 2079
2269 11831070 3461
2270 11834536 7596
2271 11842137 2685
2272 11844827 2780
2273 11847612 9638
2274 11857255 19077
2275 11876337 3168
2276 11879510 2811
2277 11882326 5406
2278 11887737 2315
2279 11890057 4314
2280 11894376 6557
2281 11900938 1030
2282 11901973 4939
2283 11906917 8236
2284 11915158 5396
2285 11920559 6688
2286 11927252 994
2287 11928251 3838
2288 11932094 3005
2289 11935104 3634
2290 11938743 2609
2291 11941357 3720
2292 11945082 4738
2293 11949825 9622
2294 11959452 9620
2295 11969077 11550
2296 11980632 2222
2297 11982859 4838
2298 11987702 2932
2299 11990639 1714
2300 11992358 5830
2301 11998193 2098
2302 12000296 1991
2303 12002292 8400
2304 12010697 8814
2305 12019516 2820
2306 12022341 4510
2307 12026856 3201
2308 12030062 2002
2309 12032069 10643
2310 12042717 6332
2311 12049054 5347
2312 12054406 1379
2313 12055790 1927
2314 12057722 3654
2315 12061381 3755
2316 12065141 2585
2317 12067731 7697
2318 12075433 7027
2319 12082465 6506
2320 12088976 8798
2321 12097779 3213
2322 12100997 2879
2323 12103881 1919
2324 12105805 7087
2325 12112897 3488
2326 12116390 2719
2327 12119114 1227
2328 12120346 11605
2329 12131956 10861
2330 12142822 9871
2331 12152698 6938
2332 12159641 8846
2333 12168492 2325
2334 12170822 565
2335 12171392 2825
2336 12174222 669
2337 12174896 6418
2338 12181319 4342
2339 12185666 2378
2340 12188049 9178
2341 12197232 6550
2342 12203787 1634
2343 12205426 7443
2344 12212874 2803
2345 12215682 7717
2346 12223404 4528
2347 12227937 2991
2348 12230933 6345
2349 12237283 9284
2350 12246572 3035
2351 12249612 4433
2352 12254050 3940
2353 12257995 1789
2354 12259789 6557
2355 12266351 5505
2356 12271861 5272
2357 12277138 8054
2358 12285197 1916
2359 12287118 2891
2360 12290014 2876
2361 12292895 2763
2362 12295663 1315
2363 12296983 1169
2364 12298157 926
2365 12299088 1046
2366 12300139 1061
2367 12301205 2423
2368 12303633 1805
2369 12305443 1214
2370 12306662 968
2371 12307635 1199
2372 12308839 1421
2373 12310265 1064
2374 12311334 2013
2375 12313352 2683
2376 12316040 1337
2377 12317382 2804
2378 12320191 2880
2379 12323076 3060
2380 12326141 1124
2381 12327270 3660
2382 12330935 4369
2383 12335309 3399
2384 12338713 5954
2385 12344672 3374
2386 12348051 987
2387 12349043 2391
2388 12351439 4669
2389 12356113 869
2390 12356987 5879
2391 12362871 1295
2392 12364171 6090
2393 12370266 941
2394 12371212 1682
2395 12372899 939
2396 12373843 3346
2397 12377194 6447
2398 12383646 895
2399 12384546 3481
2400 12388032 4094
2401 12392131 1315
2402 12393451 1149
2403 12394605 1868
2404 12396478 1601
2405 12398084 2560
2406 12400649 2560
2407 12403214 1814
2408 12405033 1445
2409 12406483 2970
2410 12409458 2501
2411 12411964 1634
2412 12413603 1926
2413 12415534 1147
2414 12416686 1019
2415 12417710 3422
2416 12421137 2024
2417 12423166 1995
2418 12425166 2288
2419 12427459 2020
2420 12429484 3166
2421 12432655 1853
2422 12434513 3245
2423 12437763 588
2424 12438356 1171
2425 12439532 876
2426 12440413 2625
2427 12443043 1124
2428 12444172 2328
2429 12446505 1924
2430 12448434 1490
2431 12449929 791
2432 12450725 1740
2433 12452470 2593
2434 12455068 1629
2435 12456702 2346
2436 12459053 2444
2437 12461502 2309
2438 12463816 1134
2439 12464955 2572
2440 12467532 1487
2441 12469024 4217
2442 12473246 2168
2443 12475419 1859
2444 12477283 4269
2445 12481557 607
2446 12482169 898
2447 12483072 2624
2448 12485701 4269
2449 12489975 3611
2450 12493591 974
2451 12494570 3574
2452 12498149 1287
2453 12499441 2454
2454 12501900 2704
2455 12504609 2014
2456 12506628 1625
2457 12508258 2621
2458 12510884 2069
2459 12512958 3801
2460 12516764 1006
2461 12517775 1273
2462 12519053 1984
2463 12521042 1493
2464 12522540 3863
2465 12526408 5753
2466 12532166 2295
2467 12534466 2956
2468 12537427 1564
2469 12538996 5808
2470 12544809 2719
2471 12547533 1349
2472 12548887 1330
2473 12550222 1401
2474 12551628 7914
2475 12559547 1768
2476 12561320 2882
2477 12564207 1303
2478 12565515 1469
2479 12566989 5164
2480 12572158 3097
2481 12575260 1362
2482 12576627 2840
2483 12579472 1505
2484 12580982 986
2485 12581973 2818
2486 12584796 1560
2487 12586361 973
2488 12587339 3010
2489 12590354 1251
2490 12591610 8758
2491 12600373 2660
2492 12603038 1690
2493 12604733 2286
2494 12607024 2051
2495 12609080 6274
2496 12615359 2137
2497 12617501 1633
2498 12619139 3197
2499 12622341 2742
2500 12625088 2934
2501 12628027 1103
2502 12629135 1485
2503 12630625 5542
2504 12636172 3653
2505 12639830 2120
2506 12641955 5822
2507 12647782 6786
2508 12654573 1241
2509 12655819 1544
2510 12657368 425
2511 12657798 2249
2512 12660052 2985
2513 12663042 1283
2514 12664330 965
2515 12665300 1922
2516 12667227 3027
2517 12670259 6911
2518 12677175 2720
2519 12679900 1627
2520 12681532 1830
2521 12683367 1759
2522 12685131 8941
2523 12694077 5616
2524 12699698 5676
2525 12705379 5499
2526 12710883 6714
2527 12717602 2131
2528 12719738 19392
2529 12739135 7700
2530 12746840 1879
2531 12748724 1296
2532 12750025 3053
2533 12753083 1913
2534 12755001 2751
2535 12757757 4222
2536 12761984 1478
2537 12763467 654
2538 12764126 6585
2539 12770716 2468
2540 12773189 1889
2541 12775083 3402
2542 12778490 1947
2543 12780442 13623
2544 12794070 604
2545 12794679 1610
2546 12796294 3096
2547 12799395 2432
2548 12801832 2885
2549 12804722 18350
2550 12823077 5633
2551 12828715 2617
2552 12831337 8546
2553 12839888 7374
2554 12847267 2481
2555 12849753 1531
2556 12851289 1710
2557 12853004 2741
2558 12855750 2643
2559 12858398 2318
2560 12860721 3129
2561 12863855 2137
2562 12865997 3052
2563 12869054 6926
2564 12875985 6412
2565 12882402 6852
2566 12889259 6729
2567 12895993 4008
2568 12900006 8069
2569 12908080 7752
2570 12915837 3185
2571 12919027 1867
2572 12920899 3039
2573 12923943 1671
2574 12925619 3092
2575 12928716 3504
2576 12932225 1915
2577 12934145 1595
2578 12935745 4820
2579 12940570 1807
2580 12942382 1590
2581 12943977 2530
2582 12946512 3683
2583 12950200 2132
2584 12952337 1528
2585 12953870 2872
2586 12956747 7826
2587 12964578 3393
2588 12967976 3660
2589 12971641 8927
2590 12980573 3796
2591 12984374 2875
2592 12987254 2260
2593 12989519 3613
2594 12993137 3554
2595 12996696 2132
2596 12998833 1652
2597 13000490 1863
2598 13002358 6400
2599 13008763 3257
2600 13012025 2302
2601 13014332 1925
2602 13016262 3471
2603 13019738 2067
2604 13021810 4188
2605 13026003 2779
2606 13028787 3801
2607 13032593 1810
2608 13034408 1602
2609 13036015 1589
2610 13037609 1687
2611 13039301 3681
2612 13042987 2789
2613 13045781 4023
2614 13049809 2438
2615 13052252 2457
2616 13054714 2638
2617 13057357 2439
2618 13059801 2547
2619 13062353 21995
2620 13084353 3258
2621 13087616 3647
2622 13091268 6360
2623 13097633 3152
2624 13100790 3362
2625 13104157 3473
2626 13107635 5255
2627 13112895 1673
2628 13114573 2654
2629 13117232 3476
2630 13120713 2515
2631 13123233 1147
2632 13124385 2424
2633 13126814 5136
2634 13131955 4270
2635 13136230 3832
2636 13140067 2702
2637 13142774 5470
2638 13148249 2591
2639 13150845 3821
2640 13154671 1165
2641 13155841 5280
2642 13161126 1504
2643 13162635 1284
2644 13163924 2109
2645 13166038 7466
2646 13173509 3387
2647 13176901 2601
2648 13179507 1101
2649 13180613 1156
2650 13181774 2207
2651 13183986 2002
2652 13185993 6246
2653 13192244 689
2654 13192938 3145
2655 13196088 1291
2656 13197384 2348
2657 13199737 3545
2658 13203287 4158
2659 13207450 4347
2660 13211802 6325
2661 13218132 3816
2662 13221953 771
2663 13222729 4339
2664 13227073 4142
2665 13231220 612
2666 13231837 1054
2667 13232896 1656
2668 13234557 3723
2669 13238285 3644
2670 13241934 4858
2671 13246797 2762
2672 13249564 2145
2673 13251714 3196
2674 13254915 874
2675 13255794 3213
2676 13259012 2436
2677 13261453 2734
2678 13264192 3461
2679 13267658 2618
2680 13270281 4014
2681 13274300 2109
2682 13276414 1925
2683 13278344 4487
2684 13282836 1495
2685 13284336 4461
2686 13288802 3944
2687 13292751 5728
2688 13298484 4569
2689 13303058 1860
2690 13304923 6481
2691 13311409 2602
2692 13314016 3509
2693 13317530 2765
2694 13320300 824
2695 13321129 9121
2696 13330255 2275
2697 13332535 2587
2698 13335127 2463
2699 13337595 1400
2700 13339000 3012
2701 13342017 10157
2702 13352179 1349
2703 13353533 4026
2704 13357564 1185
2705 13358754 527
2706 13359286 10772
2707 13370063 1904
2708 13371972 3418
2709 13375395 3394
2710 13378794 9725
2711 13388524 2256
2712 13390785 1180
2713 13391970 848
2714 13392823 1105
2715 13393933 1901
2716 13395839 8526
2717 13404370 3508
2718 13407883 6373
2719 13414261 4857
2720 13419123 5654
2721 13424782 1776
2722 13426563 5416
2723 13431984 1760
2724 13433749 1778
2725 13435532 6858
2726 13442395 2826
2727 13445226 1566
2728 13446797 2134
2729 13448936 2641
2730 13451582 2645
2731 13454232 3804
2732 13458041 1657
2733 13459703 2874
2734 13462582 1006
2735 13463593 1130
2736 13464728 15447
2737 13480180 6445
2738 13486630 13960
2739 13500595 799
2740 13501399 2832
2741 13504236 2113
2742 13506354 2657
2743 13509016 2838
2744 13511859 1832
2745 13513696 19892
2746 13533593 9104
2747 13542702 3633
2748 13546340 3615
2749 13549960 3456
2750 13553421 3396
2751 13556822 488
2752 13557315 2602
2753 13559922 2963
2754 13562890 4141
2755 13567036 3020
2756 13570061 987
2757 13571053 3884
2758 13574942 28484
2759 13603431 4239
2760 13607675 7394
2761 13615074 9319
2762 13624398 30052
2763 13654455 19579
2764 13674039 1000
2765 13675044 674
2766 13675723 2374
2767 13678102 1676
2768 13679783 5025
2769 13684813 3377
2770 13688195 4110
2771 13692310 2562
2772 13694877 4653
2773 13699535 1206
2774 13700746 2065
2775 13702816 732
2776 13703553 479
2777 13704037 2359
2778 13706401 918
2779 13707324 3574
2780 13710903 969
2781 13711877 2636
2782 13714518 3164
2783 13717687 394
2784 13718086 7225
2785 13725316 18927
2786 13744248 5734
2787 13749987 1364
2788 13751356 2240
2789 13753601 2408
2790 13756014 2669
2791 13758688 8993
2792 13767686 3689
2793 13771380 2411
2794 13773796 21932
2795 13795733 909
2796 13796647 447
2797 13797099 1212
2798 13798316 3881
2799 13802202 1177
2800 13803384 3577
2801 13806966 3312
2802 13810283 1627
2803 13811915 1396
2804 13813316 2066
2805 13815387 2206
2806 13817598 1358
2807 13818961 3935
2808 13822901 596
2809 13823502 6494
2810 13830001 2621
2811 13832627 3709
2812 13836341 851
2813 13837197 1331
2814 13838533 2436
2815 13840974 719
2816 13841698 835
2817 13842538 5042
2818 13847585 1635
2819 13849225 3112
2820 13852342 1061
2821 13853408 653
2822 13854066 1449
2823 13855520 1705
2824 13857230 1628
2825 13858863 8888
2826 13867756 4153
2827 13871914 3000
2828 13874919 671
2829 13875595 7759
2830 13883359 4099
2831 13887463 12323
2832 13899791 4894
2833 13904690 2602
2834 13907297 15722
2835 13923024 6283
2836 13929312 2699
2837 13932016 374
2838 13932395 2406
2839 13934806 3913
2840 13938724 2828
2841 13941557 13523
2842 13955085 7903
2843 13962993 1988
2844 13964986 2860
2845 13967851 2011
2846 13969867 1929
2847 13971801 3468
2848 13975274 2290
2849 13977569 3107
2850 13980681 2070
2851 13982756 1908
2852 13984669 2270
2853 13986944 2935
2854 13989884 2866
2855 13992755 2009
2856 13994769 2656
2857 13997430 3381
2858 14000816 2248
2859 14003069 1989
2860 14005063 1852
2861 14006920 2164
2862 14009089 4534
2863 14013628 3960
2864 14017593 3840
2865 14021438 3053
2866 14024496 2532
2867 14027033 2647
2868 14029685 2412
2869 14032102 2453
2870 14034560 389
2871 14034954 5903
2872 14040862 9922
2873 14050789 2835
2874 14053629 970
2875 14054604 4504
2876 14059113 7204
2877 14066322 374
2878 14066701 3245
2879 14069951 2728
2880 14072684 2459
2881 14075148 2678
2882 14077831 3623
2883 14081459 4408
2884 14085872 2661
2885 14088538 5036
2886 14093579 2797
2887 14096381 8252
2888 14104638 2815
2889 14107458 6286
2890 14113749 2514
2891 14116268 1298
2892 14117571 17739
2893 14135315 9859
2894 14145179 3017
2895 14148201 3302
2896 14151508 5927
2897 14157440 3527
2898 14160972 2005
2899 14162982 3124
2900 14166111 4540
2901 14170656 4392
2902 14175053 3758
2903 14178816 3050
2904 14181871 24390
2905 14206266 11230
2906 14217501 16208
2907 14233714 30534
2908 14264253 3829
2909 14268087 3395
2910 14271487 3744
2911 14275236 6401
2912 14281642 1553
2913 14283200 2743
2914 14285948 2159
2915 14288112 3169
2916 14291286 1670
2917 14292961 8561
2918 14301527 3556
2919 14305088 3448
2920 14308541 7965
2921 14316511 8235
2922 14324751 8658
2923 14333414 5732
2924 14339151 7068
2925 14346224 1860
2926 14348089 6470
2927 14354564 9082
2928 14363651 3918
2929 14367574 2795
2930 14370374 2453
2931 14372832 3923
2932 14376760 4877
2933 14381642 4315
2934 14385962 3315
2935 14389282 7093
2936 14396380 8573
2937 14404958 8510
2938 14413473 2864
2939 14416342 682
2940 14417029 4257
2941 14421291 8203
2942 14429499 8333
2943 14437837 5475
2944 14443317 7639
2945 14450961 2944
2946 14453910 1123
2947 14455038 3120
2948 14458163 10652
2949 14468820 7603
2950 14476428 7658
2951 14484091 1095
2952 14485191 3029
2953 14488225 8093
2954 14496323 6977
2955 14503305 4122
2956 14507432 9611
2957 14517048 9670
2958 14526723 2760
2959 14529488 3852
2960 14533345 5732
2961 14539082 14792
2962 14553879 3111
2963 14556995 4509
2964 14561509 7925
2965 14569439 6527
2966 14575971 2573
2967 14578549 3906
2968 14582460 3857
2969 14586322 3452
2970 14589779 5080
2971 14594864 2294
2972 14597163 1417
2973 14598585 4061
2974 14602651 1025
2975 14603681 3539
2976 14607225 3349
2977 14610579 3740
2978 14614324 3342
2979 14617671 2530
2980 14620206 1040
2981 14621251 1306
2982 14622562 8109
2983 14630676 7031
2984 14637712 4534
2985 14642251 7330
2986 14649586 1061
2987 14650652 3382
2988 14654039 9103
2989 14663147 2210
2990 14665362 6336
2991 14671703 6326
2992 14678034 1196
2993 14679235 864
2994 14680104 6829
2995 14686938 3647
2996 14690590 2746
2997 14693341 3813
2998 14697159 1692
2999 14698856 2757
3000 14701618 584
3001 14702207 4200
3002 14706412 6114
3003 14712531 1804
3004 14714340 3620
3005 14717965 2514
3006 14720484 5807
3007 14726296 7789
3008 14734090 4979
3009 14739074 976
3010 14740055 1338
3011 14741398 2098
3012 14743501 4115
3013 14747621 3554
3014 14751180 654
3015 14751839 4100
3016 14755944 2946
3017 14758895 2907
3018 14761807 3546
3019 14765358 5630
3020 14770993 4653
3021 14775651 5125
3022 14780781 2770
3023 14783556 9158
3024 14792719 9395
3025 14802119 5589
3026 14807713 2091
3027 14809809 7390
3028 14817204 2635
3029 14819844 8362
3030 14828211 1375
3031 14829591 1947
3032 14831543 3143
3033 14834691 4567
3034 14839263 2084
3035 14841352 1271
3036 14842628 1285
3037 14843918 5319
3038 14849242 2848
3039 14852095 4077
3040 14856177 1206
3041 14857388 2087
3042 14859480 2212
3043 14861697 1404
3044 14863106 2957
3045 14866068 1653
3046 14867726 5366
3047 14873097 812
3048 14873914 605
3049 14874524 935
3050 14875464 745
3051 14876214 607
3052 14876826 641
3053 14877472 1412
3054 14878889 3581
3055 14882475 3782
3056 14886262 584
3057 14886851 2146
3058 14889002 1402
3059 14890409 3420
3060 14893834 3316
3061 14897155 5371
3062 14902531 3077
3063 14905613 3844
3064 14909462 3321
3065 14912788 3109
3066 14915902 2160
3067 14918067 1994
3068 14920066 3268
3069 14923339 3842
3070 14927186 3685
3071 14930876 11120
3072 14942001 10072
3073 14952078 3885
3074 14955968 3495
3075 14959468 4269
3076 14963742 1587
3077 14965334 1527
3078 14966866 2420
3079 14969291 2019
3080 14971315 3159
3081 14974479 2452
3082 14976936 3200
3083 14980141 5222
3084 14985368 5608
3085 14990981 4737
3086 14995723 5570
3087 15001298 1929
3088 15003232 3861
3089 15007098 6096
3090 15013199 4476
3091 15017680 1035
3092 15018720 856
3093 15019581 4212
3094 15023798 2709
3095 15026512 3018
3096 15029535 1305
3097 15030845 1996
3098 15032846 2372
3099 15035223 2746
3100 15037974 2340
3101 15040319 1350
3102 15041674 4726
3103 15046405 4603
3104 15051013 3603
3105 15054621 3165
3106 15057791 4151
3107 15061947 4477
3108 15066429 2829
3109 15069263 3874
3110 15073142 2372
3111 15075519 1795
3112 15077319 2303
3113 15079627 20453
3114 15100085 3315
3115 15103405 4129
3116 15107539 8717
3117 15116261 2713
3118 15118979 5330
3119 15124314 5382
3120 15129701 3724
3121 15133430 4197
3122 15137632 5960
3123 15143597 3087
3124 15146689 5500
3125 15152194 1801
3126 15154000 2681
3127 15156686 5080
3128 15161771 4836
3129 15166612 3370
3130 15169987 5457
3131 15175449 5537
3132 15180991 4327
3133 15185323 2593
3134 15187921 4458
3135 15192384 7427
3136 15199816 4768
3137 15204589 971
3138 15205565 860
3139 15206430 2294
3140 15208729 1834
3141 15210568 995
3142 15211568 1895
3143 15213468 12136
3144 15225609 4479
3145 15230093 6912
3146 15237010 9990
3147 15247005 1181
3148 15248191 9935
3149 15258131 3425
3150 15261561 1464
3151 15263030 3566
3152 15266601 5404
3153 15272010 5580
3154 15277595 2635
3155 15280235 1369
3156 15281609 9366
3157 15290980 3340
3158 15294325 1597
3159 15295927 3352
3160 15299284 1934
3161 15301223 3317
3162 15304545 5121
3163 15309671 2117
3164 15311793 5848
3165 15317646 4266
3166 15321917 4957
3167 15326879 1163
3168 15328047 1375
3169 15329427 6209
3170 15335641 9184
3171 15344830 11547
3172 15356382 2132
3173 15358519 6523
3174 15365047 5749
3175 15370801 7742
3176 15378548 5993
3177 15384546 1279
3178 15385830 9963
3179 15395798 5542
3180 15401345 3079
3181 15404429 2042
3182 15406476 2373
3183 15408854 1874
3184 15410733 1468
3185 15412206 1552
3186 15413763 1687
3187 15415455 3505
3188 15418965 2601
3189 15421571 15229
3190 15436805 6179
3191 15442989 2592
3192 15445586 2795
3193 15448386 1448
3194 15449839 4994
3195 15454838 1761
3196 15456604 1894
3197 15458503 2883
3198 15461391 8173
3199 15469569 7542
3200 15477116 3553
3201 15480674 9731
3202 15490410 1695
3203 15492110 1004
3204 15493119 1084
3205 15494208 14999
3206 15509212 7818
3207 15517035 2893
3208 15519933 2771
3209 15522709 1265
3210 15523979 11673
3211 15535657 5269
3212 15540931 5922
3213 15546858 1821
3214 15548684 986
3215 15549675 22472
3216 15572152 1558
3217 15573715 6648
3218 15580368 1687
3219 15582060 9656
3220 15591721 2087
3221 15593813 1921
3222 15595739 2713
3223 15598457 3253
3224 15601715 3524
3225 15605244 8402
3226 15613651 1799
3227 15615455 1099
3228 15616559 1498
3229 15618062 1132
3230 15619199 1434
3231 15620638 5390
3232 15626033 5049
3233 15631087 2222
3234 15633314 1809
3235 15635128 4077
3236 15639210 2393
3237 15641608 2328
3238 15643941 1555
3239 15645501 4338
3240 15649844 1339
3241 15651188 1303
3242 15652496 1482
3243 15653983 1759
3244 15655747 5224
3245 15660976 2591
3246 15663572 1445
3247 15665022 10859
3248 15675886 7055
3249 15682946 1929
3250 15684880 7215
3251 15692100 3304
3252 15695409 1983
3253 15697397 12870
3254 15710272 5291
3255 15715568 4724
3256 15720297 2541
3257 15722843 2386
3258 15725234 2218
3259 15727457 1459
3260 15728921 1240
3261 15730166 748
3262 15730919 4791
3263 15735715 1367
3264 15737087 976
3265 15738068 3167
3266 15741240 1965
3267 15743210 2945
3268 15746160 1045
3269 15747210 1386
3270 15748601 1427
3271 15750033 600
3272 15750638 4996
3273 15755639 3305
3274 15758949 2257
3275 15761211 930
3276 15762146 861
3277 15763012 1316
3278 15764333 1656
3279 15765994 841
3280 15766840 1750
3281 15768595 630
3282 15769230 1910
3283 15771145 2538
3284 15773688 2387
3285 15776080 2753
3286 15778838 1720
3287 15780563 693
3288 15781261 2229
3289 15783495 2263
3290 15785763 2264
3291 15788032 2394
3292 15790431 2199
3293 15792635 555
3294 15793195 2495
3295 15795695 1306
3296 15797006 3157
3297 15800168 1628
3298 15801801 780
3299 15802586 1115
3300 15803706 537
3301 15804248 3211
3302 15807464 2173
3303 15809642 10178
3304 15819825 1190
3305 15821020 1406
3306 15822431 5198
3307 15827634 6676
3308 15834315 7833
3309 15842153 1481
3310 15843639 1826
3311 15845470 2299
3312 15847774 3464
3313 15851243 1828
3314 15853076 2159
3315 15855240 6068
3316 15861313 2139
3317 15863457 1524
3318 15864986 1176
3319 15866167 3233
3320 15869405 6369
3321 15875779 1977
3322 15877761 2456
3323 15880222 2673
3324 15882900 2659
3325 15885564 3658
3326 15889227 1399
3327 15890631 8502
3328 15899138 3936
3329 15903079 10347
3330 15913431 7216
3331 15920652 3428
3332 15924085 6563
3333 15930653 4441
3334 15935099 4730
3335 15939834 3063
3336 15942902 1378
3337 15944285 3119
3338 15947409 2011
3339 15949425 1733
3340 15951163 1782
3341 15952950 3407
3342 15956362 2127
3343 15958494 2189
3344 15960688 1051
3345 15961744 1954
3346 15963703 4004
3347 15967712 2260
3348 15969977 5418
3349 15975400 1808
3350 15977213 1945
3351 15979163 2606
3352 15981774 2219
3353 15983998 1849
3354 15985852 2445
3355 15988302 5023
3356 15993330 13744
3357 16007079 1044
3358 16008128 14458
3359 16022591 1921
3360 16024517 1624
3361 16026146 1105
3362 16027256 1475
3363 16028736 1819
3364 16030560 6109
3365 16036674 3038
3366 16039717 3119
3367 16042841 2448
3368 16045294 2024
3369 16047323 2894
3370 16050222 5447
3371 16055674 15315
3372 16070994 7259
3373 16078258 3401
3374 16081664 3294
3375 16084963 2608
3376 16087576 2982
3377 16090563 1408
3378 16091976 2357
3379 16094338 5295
3380 16099638 1663
3381 16101306 1357
3382 16102668 2043
3383 16104716 2628
3384 16107349 1552
3385 16108906 1459
3386 16110370 2536
3387 16112911 2742
3388 16115658 2816
3389 16118479 1995
3390 16120479 2456
3391 16122940 1620
3392 16124565 1192
3393 16125762 1192
3394 16126959 1192
3395 16128156 1180
3396 16129341 8105
3397 16137451 5579
3398 16143035 1388
3399 16144428 2069
3400 16146502 4801
3401 16151308 6811
3402 16158124 8194
3403 16166323 3953
3404 16170281 1299
3405 16171585 8845
3406 16180435 6094
3407 16186534 2129
3408 16188668 4493
3409 16193166 2002
3410 16195173 2463
3411 16197641 1338
3412 16198984 2991
3413 16201980 2223
3414 16204208 3077
3415 16207290 2655
3416 16209950 1581
3417 16211536 3463
3418 16215004 1722
3419 16216731 6414
3420 16223150 2532
3421 16225687 2216
3422 16227908 5115
3423 16233028 8585
3424 16241618 5239
3425 16246862 1523
3426 16248390 2526
3427 16250921 2426
3428 16253352 1888
3429 16255245 3555
3430 16258805 2488
3431 16261298 3972
3432 16265275 512
3433 16265792 2525
3434 16268322 2152
3435 16270479 2492
3436 16272976 2722
3437 16275703 8027
3438 16283735 5255
3439 16288995 5976
3440 16294976 4607
3441 16299588 2564
3442 16302157 2550
3443 16304712 7441
3444 16312158 1842
3445 16314005 1989
3446 16315999 699
3447 16316703 553
3448 16317261 669
3449 16317935 2641
3450 16320581 2576
3451 16323162 1988
3452 16325155 5820
3453 16330980 2098
3454 16333083 3881
3455 16336969 2447
3456 16339421 1642
3457 16341068 3071
3458 16344144 1841
3459 16345990 8378
3460 16354373 1766
3461 16356144 8088
3462 16364237 11548
3463 16375790 2102
3464 16377897 3652
3465 16381554 5210
3466 16386769 5381
3467 16392155 5190
3468 16397350 6350
3469 16403705 1090
3470 16404800 7200
3471 16412005 2996
3472 16415006 4266
3473 16419277 6453
3474 16425735 2942
3475 16428682 1643
3476 16430330 2967
3477 16433302 3448
3478 16436755 1828
3479 16438588 5569
3480 16444162 9045
3481 16453212 2349
3482 16455566 8434
3483 16464005 6831
3484 16470841 6486
3485 16477332 3740
3486 16481077 3433
3487 16484515 2939
3488 16487459 3468
3489 16490932 533
3490 16491470 2223
3491 16493698 3967
3492 16497670 2967
3493 16500642 3622
3494 16504269 2750
3495 16507024 6592
3496 16513621 9420
3497 16523046 8426
3498 16531477 10513
3499 16541995 9705
3500 16551705 10267
3501 16561977 7966
3502 16569948 5490
3503 16575443 6256
3504 16581704 3584
3505 16585293 4030
3506 16589328 1603
3507 16590936 1709
3508 16592650 3197
3509 16595852 3564
3510 16599421 5955
3511 16605381 4642
3512 16610028 3532
3513 16613565 11603
3514 16625173 5168
3515 16630346 4838
3516 16635189 1131
3517 16636325 4186
3518 16640516 3701
3519 16644222 3485
3520 16647712 4609
3521 16652326 8032
3522 16660363 2301
3523 16662669 5566
3524 16668240 4430
3525 16672675 6543
3526 16679223 4814
3527 16684042 2204
3528 16686251 2195
3529 16688451 1551
3530 16690007 3368
3531 16693380 4637
3532 16698022 4189
3533 16702216 6264
3534 16708485 8590
3535 16717080 1913
3536 16718998 5797
3537 16724800 7292
3538 16732097 1326
3539 16733428 4146
3540 16737579 1669
3541 16739253 7254
3542 16746512 2811
3543 16749328 10135
3544 16759468 4339
3545 16763812 5828
3546 16769645 873
3547 16770523 3796
3548 16774324 2034
3549 16776363 3726
3550 16780094 2065
3551 16782164 3284
3552 16785453 2919
3553 16788377 7587
3554 16795969 477
3555 16796451 573
3556 16797029 11231
3557 16808265 4541
3558 16812811 3756
3559 16816572 9035
3560 16825612 3472
3561 16829089 2118
3562 16831212 2067
3563 16833284 7177
3564 16840466 6487
3565 16846958 3752
3566 16850715 2311
3567 16853031 14929
3568 16867965 6465
3569 16874435 1395
3570 16875835 2043
3571 16877883 3004
3572 16880892 2652
3573 16883549 2200
3574 16885754 1657
3575 16887416 818
3576 16888239 1456
3577 16889700 808
3578 16890513 457
3579 16890975 4048
3580 16895028 3116
3581 16898149 4219
3582 16902373 7614
3583 16909992 5474
3584 16915471 1417
3585 16916893 1237
3586 16918135 1001
3587 16919141 1930
3588 16921076 2475
3589 16923556 5540
3590 16929101 8120
3591 16937226 2522
3592 16939753 986
3593 16940744 916
3594 16941665 1703
3595 16943373 2308
3596 16945686 7330
3597 16953021 1704
3598 16954730 4817
3599 16959552 2523
3600 16962080 3681
3601 16965766 2746
3602 16968517 6976
3603 16975498 2373
3604 16977876 3076
3605 16980957 4648
3606 16985610 2594
3607 16988209 2947
3608 16991161 1979
3609 16993145 1345
3610 16994495 4791
3611 16999291 1706
3612 17001002 1065
3613 17002072 1669
3614 17003746 1872
3615 17005623 4667
3616 17010295 1744
3617 17012044 2759
3618 17014808 9362
3619 17024175 1950
3620 17026130 2690
3621 17028825 3608
3622 17032438 6196
3623 17038639 3438
3624 17042082 3024
3625 17045111 7910
3626 17053026 1806
3627 17054837 2273
3628 17057115 1718
3629 17058838 1034
3630 17059877 1733
3631 17061615 1832
3632 17063452 7415
3633 17070872 3204
3634 17074081 1750
3635 17075836 1482
3636 17077323 7725
3637 17085053 2061
3638 17087119 2186
3639 17089310 1855
3640 17091170 1751
3641 17092926 2149
3642 17095080 1231
